Iteration	HPWL	Cost	Moves	T
START	167129	55071.6	0	5000
1	171424	57664.2	2608	5000
2	172866	58153.3	2607	4750
3	174444	58825.2	2608	4512.5
4	176235	59589.4	2607	4286.88
5	173198	58338.3	2607	4072.53
6	174908	59106.2	2608	3868.9
7	173385	58649.4	2608	3675.46
8	173288	58535.4	2608	3491.69
9	172513	58047.6	2606	3317.1
10	173206	58085.4	2608	3151.25
11	174464	58717.9	2608	2993.68
12	173728	59262.6	2605	2844
13	176618	59761.1	2608	2701.8
14	171062	58037.7	2605	2566.71
15	173756	58534	2608	2438.37
16	173322	58460.2	2607	2316.46
17	175578	58853.8	2607	2200.63
18	174798	59725.3	2605	2090.6
19	173934	58757.2	2606	1986.07
20	173616	59257.5	2607	1886.77
21	173161	59857.9	2607	1792.43
22	173418	58602.4	2605	1702.81
23	173268	58501	2606	1617.67
24	174723	59022.5	2608	1536.78
25	173058	58806.3	2608	1459.95
26	172778	58637.4	2608	1386.95
27	173454	58415.1	2606	1317.6
28	173318	58572.6	2606	1251.72
29	173140	59228.1	2606	1189.13
30	173349	58780.3	2604	1129.68
31	170783	58407.5	2605	1073.19
32	175541	59324.5	2604	1019.53
33	174128	58844	2607	968.557
34	173943	58505	2606	920.13
35	170025	57329.6	2604	874.123
36	172676	58493.4	2605	830.417
37	172544	57660	2606	788.896
38	175134	59259.3	2600	749.451
39	172194	58150.5	2605	711.979
40	174313	59211.3	2608	676.38
41	175816	59322	2604	642.561
42	173770	59218.3	2602	610.433
43	174920	59024.7	2600	579.911
44	171513	58399.7	2604	550.916
45	172608	58444.5	2604	523.37
46	172578	57698.4	2605	497.201
47	174198	58638.2	2603	472.341
48	171920	58011.6	2600	448.724
49	172716	58562	2600	426.288
50	172552	58257.9	2600	404.974
51	174519	58677.8	2603	384.725
52	175278	59500.9	2600	365.489
53	172306	58382.4	2605	347.214
54	176793	59785.2	2598	329.853
55	171540	58521.2	2601	313.361
56	174420	58676.2	2601	297.693
57	174256	58683.8	2600	282.808
58	174822	59817.6	2603	268.668
59	173598	58741.5	2605	255.234
60	174285	58919.4	2595	242.473
61	171942	57989.8	2597	230.349
62	172015	57926.6	2604	218.832
63	175200	59675.8	2597	207.89
64	173147	58663	2592	197.495
65	172254	58622.1	2593	187.621
66	171682	58025.1	2598	178.24
67	167576	56424.7	2593	169.328
68	171344	57611.7	2593	160.861
69	171993	57608.1	2598	152.818
70	172346	58904.8	2592	145.177
71	171171	58183.6	2587	137.918
72	172862	58209	2592	131.023
73	171888	57775.2	2591	124.471
74	172634	57998.7	2586	118.248
75	173380	58733.1	2586	112.335
76	175032	59738.7	2584	106.719
77	172289	58122.1	2587	101.383
78	171880	57971.2	2593	96.3136
79	172919	58708	2575	91.4979
80	171992	58061.4	2580	86.923
81	171592	57714.8	2581	82.5769
82	169269	57159.4	2569	78.448
83	170550	57458.5	2573	74.5256
84	173452	58385.8	2574	70.7993
85	174153	58568	2576	67.2594
86	171305	57826.9	2576	63.8964
87	170986	57731.2	2569	60.7016
88	170947	57549.4	2558	57.6665
89	170220	57359.8	2571	54.7832
90	168062	56655.8	2559	52.044
91	171404	57771.6	2557	49.4418
92	172588	58608.9	2550	46.9697
93	168980	56760.8	2567	44.6212
94	171288	57651.6	2558	42.3902
95	171612	57748.8	2556	40.2707
96	170530	57537.8	2544	38.2571
97	171000	57480.2	2528	36.3443
98	170468	57150.6	2519	34.5271
99	172654	58458.4	2530	32.8007
100	168574	56582.4	2525	31.1607
101	174299	58328.2	2530	29.6026
102	170198	57239.8	2525	28.1225
103	168454	56404.5	2520	26.7164
104	170267	56920.2	2524	25.3806
105	173352	58497.9	2508	24.1115
106	171080	57249.3	2510	22.906
107	169418	57232.5	2513	21.7607
108	171194	57198.3	2501	20.6726
109	169274	56792.2	2487	19.639
110	169336	56697.8	2477	18.6571
111	169228	56693.6	2476	17.7242
112	168120	56332.8	2446	16.838
113	169884	57032.1	2439	15.9961
114	166750	56007	2454	15.1963
115	169102	56457.3	2436	14.4365
116	166286	55980.9	2429	13.7146
117	168230	56677.7	2445	13.0289
118	170558	57064.3	2413	12.3775
119	170246	57055.5	2421	11.7586
120	167213	55833.9	2396	11.1707
121	166870	56269.5	2386	10.6121
122	166567	55668.4	2387	10.0815
123	166690	55932	2364	9.57745
124	166720	56054.6	2330	9.09858
125	162653	54607.7	2340	8.64365
126	165973	55745.4	2308	8.21147
127	164175	55262.7	2303	7.80089
128	163564	54739	2289	7.41085
129	165194	55426.8	2268	7.04031
130	163052	54557.4	2266	6.68829
131	163158	54617.5	2224	6.35388
132	161422	54068.1	2236	6.03618
133	162892	54339.2	2188	5.73437
134	163131	54467.5	2135	5.44765
135	161038	53924.6	2144	5.17527
136	160706	53711.8	2129	4.91651
137	158905	53143.1	2142	4.67068
138	162092	54155.7	2063	4.43715
139	159391	53572.3	2107	4.21529
140	160592	53734	2030	4.00453
141	158636	53119	2006	3.8043
142	154106	51703.5	1963	3.61408
143	154770	51846	1947	3.43338
144	158443	52976.1	1902	3.26171
145	155687	52149.3	1896	3.09863
146	153602	51580.5	1880	2.94369
147	153820	51617.7	1848	2.79651
148	152878	51164.8	1826	2.65668
149	153031	51295.8	1765	2.52385
150	150888	50454.3	1729	2.39766
151	149039	50069.8	1723	2.27777
152	147644	49424.4	1672	2.16389
153	146434	49118.2	1535	2.05569
154	145332	48900.9	1512	1.95291
155	143528	48331.5	1502	1.85526
156	142677	48047.8	1439	1.7625
157	140222	47339.7	1401	1.67437
158	141419	47670.4	1406	1.59066
159	138611	46686.3	1265	1.51112
160	138880	46767	1235	1.43557
161	138184	46586.7	1270	1.36379
162	136080	45955.3	1139	1.2956
163	133946	45286.9	1133	1.23082
164	132491	44765.2	1081	1.16928
165	130090	44016.4	993	1.11081
166	128644	43611	989	1.05527
167	128367	43499.7	952	1.00251
