Iteration	HPWL	Cost	Moves	T
START	33123.5	11261.4	0	5000
1	33764.5	11980.5	936	5000
2	33756.5	11963	937	4750
3	34824.5	12524.2	937	4512.5
4	35021.5	12658.6	936	4286.88
5	34658.5	12188.5	936	4072.53
6	33232	11775.6	937	3868.9
7	33799.5	12051.2	937	3675.46
8	34277	12164.4	938	3491.69
9	34640.5	12183.1	935	3317.1
10	34599.5	12125.6	937	3151.25
11	33899	12382	937	2993.68
12	33702.5	11841.5	935	2844
13	34221.5	12177.8	937	2701.8
14	33802.5	12142.4	937	2566.71
15	33423.5	11893.2	938	2438.37
16	34081.5	12346.5	937	2316.46
17	34666.5	12356.4	935	2200.63
18	33892.5	11988.8	936	2090.6
19	34349	12291.3	936	1986.07
20	34499	12306.2	934	1886.77
21	34329.5	12165.1	936	1792.43
22	34461.5	12310	938	1702.81
23	34857	12263.1	931	1617.67
24	33798.5	11870.3	937	1536.78
25	33899	12035.9	935	1459.95
26	33923	12118.4	931	1386.95
27	34396	12079.6	935	1317.6
28	35599.5	12877.1	935	1251.72
29	34969.5	12206.6	937	1189.13
30	33627.5	11954.5	934	1129.68
31	33725	12074	936	1073.19
32	34185	12091.6	933	1019.53
33	34210.5	12264.8	934	968.557
34	34201.5	12472.8	933	920.13
35	33517.5	11981.6	933	874.123
36	33832	12076	930	830.417
37	34409	12008.3	933	788.896
38	34284.5	12136.5	935	749.451
39	34377	12028.8	932	711.979
40	34413.5	12175.2	928	676.38
41	34247	12200.5	928	642.561
42	34083	11970.7	924	610.433
43	34878.5	12480.2	934	579.911
44	34364	12160.3	928	550.916
45	34156.5	12022.8	930	523.37
46	34101.5	11991.3	927	497.201
47	34680.5	12330.5	932	472.341
48	33803.5	11932	929	448.724
49	33832	11940.6	928	426.288
50	33872.5	12118.2	926	404.974
51	33882.5	11940.6	927	384.725
52	34635.5	12226.8	928	365.489
53	34440.5	12363.9	926	347.214
54	33127.5	11684	922	329.853
55	33636	11836.6	927	313.361
56	34119.5	11876.3	916	297.693
57	33336	11656.3	915	282.808
58	34363	12250.4	923	268.668
59	33973	12133.4	906	255.234
60	33840	11943	915	242.473
61	34208	12369.4	918	230.349
62	34251.5	12156.7	917	218.832
63	34127	12044.1	918	207.89
64	33983	12106.2	916	197.495
65	33957	12068.4	919	187.621
66	33660.5	11859	908	178.24
67	34442	12003.1	901	169.328
68	33754	11872	920	160.861
69	33082.5	11700.6	911	152.818
70	33477	11713.6	904	145.177
71	33989.5	12198.5	901	137.918
72	34226.5	12089	900	131.023
73	33100.5	11600.7	896	124.471
74	33690.5	11807.8	893	118.248
75	33405	11752.2	900	112.335
76	32978	11684.4	901	106.719
77	33657.5	11873.1	892	101.383
78	33630	11759.5	888	96.3136
79	32508.5	11528.4	876	91.4979
80	32633.5	11475.6	890	86.923
81	32990	11853.5	878	82.5769
82	33385.5	11821.6	880	78.448
83	33112	11784.8	881	74.5256
84	34258	11902.8	875	70.7993
85	33206.5	11737.8	877	67.2594
86	32073.5	11367.8	869	63.8964
87	33334.5	11776.2	871	60.7016
88	32227.5	11278.6	849	57.6665
89	33970	11891.6	844	54.7832
90	33062	11649.4	841	52.044
91	32960	11694	860	49.4418
92	32834	11565.9	844	46.9697
93	32381.5	11324.8	861	44.6212
94	32309	11468.6	823	42.3902
95	31487.5	11086.7	835	40.2707
96	31710.5	11108.4	792	38.2571
97	32287.5	11326.7	809	36.3443
98	32596.5	11404.3	800	34.5271
99	31980	11189.3	785	32.8007
100	31875.5	11173	812	31.1607
101	31470	11066.4	791	29.6026
102	32380	11354.5	777	28.1225
103	32236	11251	795	26.7164
104	31772	11157	766	25.3806
105	31113	10974.4	728	24.1115
106	31482.5	11055.1	736	22.906
107	31275.5	10977.9	777	21.7607
108	31693.5	11043.1	733	20.6726
109	31578.5	11114	720	19.639
110	30735	10845.9	721	18.6571
111	30709.5	10763	704	17.7242
112	30025	10527.5	670	16.838
113	30048.5	10549.6	690	15.9961
114	30162	10583.7	658	15.1963
115	30731	10709.2	652	14.4365
116	30177.5	10528.1	658	13.7146
117	29552	10370.6	622	13.0289
118	28774	10092	592	12.3775
119	28949.5	10144.7	595	11.7586
120	28572	10016.4	582	11.1707
121	28023.5	9866.9	561	10.6121
122	27752.5	9815.7	523	10.0815
123	27415	9714.45	543	9.57745
124	27636.5	9765.85	516	9.09858
125	27167	9594.9	472	8.64365
126	26613	9443.75	469	8.21147
127	25976.5	9207.65	446	7.80089
128	26202.5	9245.35	404	7.41085
129	25631.5	9074.05	405	7.04031
130	24978.5	8878.15	390	6.68829
131	24605.5	8781.3	345	6.35388
132	24508	8737	356	6.03618
133	24675	8802.15	323	5.73437
134	23857	8571.8	325	5.44765
135	23784	8519.8	310	5.17527
136	23552	8450.2	245	4.91651
137	23320	8410.7	272	4.67068
138	22780.5	8248.85	248	4.43715
139	22151	8029.9	241	4.21529
140	21840	7951.65	206	4.00453
141	21896.5	7953.55	223	3.8043
142	21544	7847.8	215	3.61408
143	21318	7780	209	3.43338
144	20698.5	7609.2	196	3.26171
145	20445	7518.1	156	3.09863
146	20063	7403.5	170	2.94369
147	19809	7327.3	172	2.79651
148	19409	7207.3	159	2.65668
149	19015	7089.1	127	2.52385
150	18818.5	7030.15	131	2.39766
151	18556.5	6951.55	110	2.27777
152	18135	6825.1	146	2.16389
153	17671	6685.9	101	2.05569
154	17330.5	6583.75	98	1.95291
155	16943	6467.5	85	1.85526
156	16734	6389.75	67	1.7625
157	16613	6353.45	83	1.67437
158	16475.5	6312.2	60	1.59066
159	16317.5	6264.8	79	1.51112
160	16169.5	6220.4	58	1.43557
161	16009.5	6172.4	70	1.36379
162	15847	6108.6	57	1.2956
163	15642	6047.1	64	1.23082
164	15530	6013.5	59	1.16928
165	15243	5927.4	68	1.11081
166	15100.5	5884.65	54	1.05527
167	14943	5837.4	44	1.00251
